    1   1 1       1                 1     
                        1   1             
  1 1   1 1       1         1             
    1   1       1 1       1 1   1   1     
1 1         1           1     1 1     1   
  1               1     1       1     1   
                        1                 
                              1           
              1   1                   1   
    1 1 1     1                         1 
1                 1 1   1               1 
  1 1 1         1               1   1 1   
1 1     1         1       1   1   1       
        1   1                   1         
    1   1 1             1     1 1 1       
1 1   1       1                         1 
          1   1           1               
            1   1   1   1               1 
    1 1 1               1 1               
    1     1     1     1     1 1           
                        1                 
Поколение: 1
Количество живых микробов: 97
------------------------------------------
                                          
  1 1                     1               
  2 2   2 2     1 2         2             
1   2   2       2 2       2 2   2 1       
2 2 1           1 1     2   1   2   1 2   
1 2                   1 2 1   1 2         
                                          
                                          
      1         1                         
      2           1 1                 1 2 
        1       1 2                     2 
    2 2         2   1           2 1 2 2   
2 2     2 1                   2   2 1     
  1     2                   1             
  1 2   2 2 1                 2 2 2       
  2 1 2   1                     1         
              2 1                         
      1 1 1 2 1       1 2                 
    2 2 2 1   1   1     2 2 1             
    2   1             2     2             
                                          
Поколение: 2
Количество живых микробов: 100
------------------------------------------
                                          
  2 2 1                                   
1       3 3     2 3         3 1           
2       3 1   1     1       3   3 2 1     
    2 1         2 2 1 1             2     
2   1                 2 3 2 1 2 3 1       
                        1                 
                                          
                  1                       
      3 1           2                 2 3 
    1   2       2                 1     3 
  1 3 3   1     3               3     3   
3 3     3 2                   3       1   
            1               2       1     
1           2                 3 3 3       
  3   3   2   1               1 2 1       
              3 2                         
    1                 2 3                 
    3         2 1   1       2             
    3   2 1             1   3             
                                          
Поколение: 3
Количество живых микробов: 90
------------------------------------------
    1                                     
  3 3 2 1                                 
2   1     4 1   3 4         4 2 1 1       
  1       2 1 2       1     4   4 3 2     
    3 2 1       3 3                 3     
  1 2 1           1       3 2 3 4 2       
                      1 2   1 1 1         
                                          
                                          
      4 2         1                   3 4 
  1       1       1                 1   4 
1         2                     4   1 4 1 
4 4   1 4 3 1                 4     1 2   
1 1         2               3     1 2     
          1 3 1             1       1     
              2 1             2   2       
    1       1 4 3               1         
                  1   3                   
  1 4                   1                 
      1                   1               
                                          
Поколение: 4
Количество живых микробов: 96
------------------------------------------
  1 2                                     
        2 1                   1 1         
3               4           5       1     
  2                 1       5       3     
        2 1 1 1 4 4 1     1         4     
  2     1       1 2 1   1 4       3       
    1                   3         1       
                              1           
                                          
        3                             4 5 
          2                       1 2     
2   1                                   2 
    1   5   2                 5 1       1 
2 2 1                       4 1   2       
          2     1           2 1 1   2     
          1                   3 1 3       
            2     1             2         
  1 1         1 1                         
    5                   2                 
    1                                     
                                          
Поколение: 5
Количество живых микробов: 76
------------------------------------------
                                          
  1                           2           
                            6     1       
          1 1       2     1 6     1 4 1   
        3 2 2 2         1 2 1     1 5     
      1 2   1       2   2 5       4 1     
                  1   1 4 1     1         
                                          
                                          
                                    1 5   
                                    3   1 
  1   1   1                     1 1   1   
1   2                       1 6 2         
  3 2 1   1                       3       
  1                                 3     
          2 1               1             
            3 1 1             1 3 1       
  2 2         2 2                         
    6 1                                   
                                          
                                          
Поколение: 6
Количество живых микробов: 71
------------------------------------------
                                          
                                          
                          1 7 1 1 2       
        1     1         1     1 1     2   
      1       3                 1         
      2 3   2 1     3           1   2     
                    1 2   2       1       
                        1                 
                                          
                                    2 6   
                                        2 
  2 1                           2 2 1 2   
2                             7     1     
1     2                       1 1 4       
  2     1 1 1                             
          3 2                 1 1 1       
          1     2             2 4         
  3 3 1     1   3               1         
  1 7 2                                   
                                          
                                          
Поколение: 7
Количество живых микробов: 65
------------------------------------------
                                          
                            1 1 1         
                          2 8     3       
                          1               
      2   1   4 1               2         
      3 4   3 2     4 1         2         
                    2 3 1         2       
                      1 2                 
                                          
                                      7   
                                        3 
  3                             3 3 2 3   
3   1                         8       1   
2 1     1 1                   2 2 5       
        2   2                             
              1               2   2       
    1   1 2                               
  4   2 1     1               1 2         
  2   3                                   
    1                                     
                                          
Поколение: 8
Количество живых микробов: 60
------------------------------------------
                              1           
                          1 2 2 2         
                          3     1         
                          2 1             
      3   2   5 2                         
      4 5 1 4 3 1 1 5   1       3 1       
                                          
                    1   3                 
                                          
                                          
                                  1     4 
  4                             4 4 3 4 1 
4   2                         9       2   
3 2   1 2 2                   3 3         
        3   3                 1   1       
      1 1   1                             
    2   2 3 1                 1           
  5       1                               
  3   4 1                                 
    2                                     
                                          
Поколение: 9
Количество живых микробов: 63
------------------------------------------
                              2 1         
                          2     3         
                        1       2         
                          3 2             
      4   3               1               
      5   2       2                       
        1 1 1 1 1   1                     
                                          
                                          
                                          
                                1 2     5 
  5                             5 5     2 
5   3 1 1                     A       3 1 
4 3 1 2 3 3                 1 4           
    1       4                 2           
            2 1                 1         
    3       2                             
  6         1                             
  4   5 2                                 
    3 1                                   
                                          
Поколение: 10
Количество живых микробов: 57
------------------------------------------
